$ANSIBLE_VAULT;1.1;AES256
65643066636634663761663766396238393538323834306662613665363632643138653635343261
3539316339633066613165393863643230333964363230370a353763656233326135633065333832
31646137653239316236376131333130663635376561616432333434333366333263316538306365
3738623964643065650a373062383662623863666636373462336563386638643863346362613864
37356131653235353939343430623838663365336330396231333230666663343933616432653234
65653434616362386239343936313865313161643366646466626265396535376232333862646565
31626232343263336532336661333035663933383966666666333334363265656639326566666163
32633961313163633030376338383534613865653735383931613538636263366165653864363536
33636361366564306366633665303735613131653766626630643064663864613736333539616635
36663738306535666533343063373439353462373836623131316565343831313935396664393232
36353830623035626536363536653431616536643733356633353832353933656464653330383436
36613662393563356233383965366461303662313530393166353530643031306433643937616433
64643338386164333437613339303562333236333564613830306436396662343562656330306638
66376237666538646464326332636132393763303465356665646161656166393534396335316333
64333132613037326363386631323634663464306339353632373239633830663364613838646237
61373661636539666130666135636136333465353437326133343364643164376439363233303762
36376234623461313437613661663963363435383830363434636661646136393063313535613631
61333266363637626230653866626535626631396335333634393764313532633263336538323164
31343464653465323637623430313538396631666531373535393437363864633835346532333062
33396635386538336639613531353730666135633961366237376330636631353636636534626435
63383535393237343931386339363636376430376334373839613862613439313131383061346230
64326465356237316530666637396263626238393435353361623834623861336562616563383964
39353164376232613330373236343364386532383665383466616636616132346138356233383263
36366663633866373436386535326539643937626166623863663361373539383664306366373937
36396561633961663730653737333635646639663634633230363636663435626635353036666439
32626563386563656133643335316333306535666465353235616536393938326230623965306332
34656534633130316338386564316665373038616630336139343138383865373434363462373437
64663132623163383330346532363565393366383864356537383038396235346265316636343131
65626238336139313332646262616238373934393039333538343434616461343964623264383431
31393765306238316663616666323966396430323739623639386239313838353962306465376466
31333566333263646262336531366661376339623134623062346662623534356362306661633963
61383330623130376366323439386564383131336231326165383065633330356232303835383032
34313765333264643331363338633732396236306637323734353039373330343836346161313931
61633032326635636562646666663139356537336135623338363066343664383730353463383239
33303665363762633734636533633962376334643734346130666334393764633937323938373136
33663263633666663265326665383431663563356639343237373437346662383630323139653832
64326264393932356637346336613333386133356530333466636230626231313364373964633036
35356533333765393363353836383435333831343766383036363631663331636364643831623631
34613438383633313563343638306531666439633731646266656464636433633164316461343262
35366635313737623335646362616330353565323965386436313366616436623066633764366636
33326164343233623365653661383532393535636263396161303963376332663764363133316436
35386561366135626534353030613163343366336363353263303630626537663035313437393332
62646161363534363535396533653932376362626138306132376663323963373539393830633532
61623738343761383862666664633131666365366663356434386237643138646431646432663165
62356562386561643832386139346331616537616632633065653136313365313238316262623934
36323732333234353838346539626436356162303431336535393535396333633265353233653065
38313334623334306139386132333762646533373865333063616335623734653731363362333761
61333365363034366239303036356436353261393131386138363435336363313762336234356535
36346163323931653735336633613061343331323038613336303566356161363034616333353234
39643264336233646537663130653835636465643963656337653033306132653933336434623138
31666532333661313336666437336463643063613261316437343766353732373963356466376436
61623964643064353634313934666564666162363134386334636532386435643631313739333438
35326463386230396135356237653539626466343831633266373565356236326564343738623439
32616461343838383161663564333465306433343034623630353434383834366563333730343731
30373331663336623235656432643432616438376436633139653662386431333235633363653265
65306363616234383734316239393866653839353531383930643732303738663036393336633162
37626164393332643262346566396262393531366139666662646163336164376632653231663866
65363634626531666639346630313533303736393338383963643861666632643433623136336435
35393837666162333536303661323761626662373938653562353532336462376265323030396231
32383161656632343134393338333065613237613064646338653036313733386137326338303032
66356337653166383032386164616661313039356334636163373331653162623238316238616666
66313835383233656237643362656636656666656165383765663833646366333139623863613839
34393562336434653239646438343635363461663430313739653961383061623162353762646366
35323836393536373465376637326664313061333333633133623665313163373630663238666330
62383833346336363266303733313763303438396638366533383365353666373935636561653231
35616534633562313265316335626666393632303165646636343033343636613238663035306634
65373532653834393230653835656238306365303038646364316635313132356635353433383735
36343537663038663939303339326261623761623565613032386437326666323637346134326462
33643630303361323831383963333030313137366535366638656134323837366334313265396363
33663633316439343539323664353538633437373036373865663838376333346534323031343465
30626137366461373336306335633137353862316663326163653635616431393034613364366366
35366162323563633135323935356565346563346565393935353030306166666466663133333465
38613063316461393233626365633730646461396363303662653233323461306530313666653938
37626136643166386530316239333736316430393535633731623763373066313431323262323237
39316562336636373035313563393663353534323334303332663130613065386438633431626337
33326165323038643035316434346234626166663837636163313065363533333665363065376633
34663138336532643561313437393537303232323838656364393930373437666432623232306234
35393064363337336262323536653439303636366165613531623838363862373434393864396134
32336161336231616563643163306238363034633166376434653464343437393533643133653635
30623461653437646138323430333265656262356632326632306139333035623330353231646434
31393838363832313730633439653039353830383738303930383735626136626466626266393966
37303065376235343462613630303462653561623632666231353262666135646234333430636266
30623366373864363036343538353166333663626638656138393435343961643265396635313531
33623938356430383166653466653737343132623466316664356139396230333237343038643736
32623337626635343166333866363663373866326366373334396461663663353637353237333563
63393533373865363036343835636531343935386338656366313635306163356361656131396264
61326637663838393230386230336539396664306433633461663830383035303134376537623037
30646361303466643336633839306335333436616464616139616433353162323933326463616563
39303237336238316232373937353438663766353464383539393835306137646161363462663036
62333332636338363732363539303766643836346632653766636533373266306634366364343062
34396164666539663439383039313334663537613666313532653030383332373165376235396463
35313333346266353336316166373865353865343861613432663731623934396538343735643963
61633965643664316164303262336431633735666536393935346131316538306235366631343032
62303939623333613635386463663434626339383334646462393462613161623634303463626133
37613165396538643833336663653663313131646230656461633261393834313536356435623962
61646139383039313465653538343734323732633062306534653663306166303064356135353534
65366263623863373339366566353632643335626636646232313262346338346438646239623237
31313632623565336532323366663537636539643261316134303461356537306264393331333436
66623931306632396637383536363537343931336130613161363461313030343036396234336663
36633231373461623865343663303132616664353862666237616461306636386163643632393937
36613236636238373661633666653738386561663865643165373632326261383161306466333430
63636564656639353933613866316537383832373562313934643665623733643438393238343534
36333762386531396435386166373531643834633736626337643962666235633235316330653631
62323437336433363634396336616330323435343865343336326162653630336130346139613436
39343466613437313031616662396166393961366437393430323664383466303636643732346237
33353637336535656235373736356532623430613264363265383665636563323137633439343465
38306365323164643231393938343439393330623334383964333135643063623436313663346164
33613962356138356331376532643136343461653139323839306638356462376266666432633438
66313663343366336164653139353864353931316464663466656639613138326562643764376532
61646637666362663362383234643439323565373235323932303639323261353638313064633039
63376539376432313963623261346563363834626565386538313637383536333564623930353135
65636162313937623663386635313532336161376639306134346565386637366666616563343039
62623661306232646664653036323538623664363437623834656432336436653132656532333166
31386463323834336562666363336363376633613534316635653361393938646663633233316237
62636239623135656631626634643862336435356261663730386230323130656235313032323738
36386332356539366538323938353737363861633037373562366337383037643537383730343466
39633865636566363337326566376438316332663862316562336533343164383165343630666239
66396263366565323164616137303632616238326537323137323232356438613530663862323039
36636362303333333639366239633465386466666438336266626564373635633339623762626337
36323037636630613132386238346233316437386638373135663062323234303637376534316238
63386335323661303161333135376335643339363134323565626564653261336437633237363834
64396130633931346538386163386630383234326237343634303634616234366531376163346365
31653864353663663663366139303166613833653262323966613564623434326266653765373632
34306438636435323065333633353835613865333135363734376531396236646336646130383837
36313766366339316434373830623631323161326238386134363163323332383063646535643331
30613138366431663064356638353762623762323137323732316339326234303133363332663938
39353735663166653461666634626261323533353633376336326132393461333931323534306136
63366564356164356136303465613630656239386432353664383366633265643032323466393235
37363132383966336237393538316535363630376465353532333561386635613634633935346463
65373332656638346464326534666630336561633562313065363738303433366266346264316632
39363038616565383664376336356539393830396236326137393539616562613030663232626265
32366338666536333262386232306663366539363262323233636266643561306539373534346231
33313130663937326561326638383131666630326230306435323865353064313763633966363337
3435656138343733363962396331326639386562363765333363
